123456
000000
111111
222222
333333
444444
555555
666666
777777
888888
999999
102938
918273
564738
192837
473829
564839
102983
283746
394857
465829
738264
918374
102937
748392
019283
029384
019384
374852
748390
564739
1234
4321
0000
1111
2222
9999
9876
8888
0001
0042
1337
2025
2026
12345
54321
1234567
7654321
12345678
87654321
404040
500500
500200
202020
303030
424242
123-456
123 456
12-3456
1-23456
213456
987654
654321
142051
564831
289374
172943
384726
092341
483291
573829
628194
719283
583921
