+61 2 9123 4567
+61 2 8234 5678
+61 2 9265 0000
+61 2 9374 4000
+61 2 9555 1234
+61 2 9876 1100
+61 3 9123 4567
+61 3 8635 9999
+61 3 9650 1234
+61 3 9819 1122
+61 3 9821 0010
+61 7 3210 4444
+61 7 3406 1122
+61 7 3221 9988
+61 8 8203 7400
+61 8 9221 8888
+61 8 6477 0001
+61 8 9468 9999
+61 4 0011 2233
+61 4 1122 3344
+61 4 2233 4455
+61 4 3344 5566
+61 4 4455 6677
+61 4 5566 7788
+61 4 6677 8899
+61 4 7788 9900
+61 4 8899 0011
+61 4 9900 1122
+61 4 1010 2020
+61 4 2030 4050
+61 4 5050 6060
+61 4 6070 8090
+61 4 7080 9000
+61 4 5821 7412
+61 4 5825 7314
+61 4 2538 7411
+61 4 6285 9123
+61 4 5821 7415
