+91 98214 75321
+91 98112 23344
+91 98330 44556
+91 99300 11223
+91 99670 88112
+91 97171 22334
+91 95555 11778
+91 93800 44512
+91 90030 11999
+91 91710 33445
+91 80077 22118
+91 81234 55667
+91 82345 99887
+91 84567 33445
+91 87654 22115
+91 88001 99887
+91 89000 33445
+91 70123 11999
+91 70544 88112
+91 71010 22334
+91 72224 99887
+91 73330 11225
+91 74441 88996
+91 75555 22110
+91 76670 99884
+91 77011 33445
+91 78005 11663
+91 79000 88996
+91 11-2345-6789
+91 11-4567-8901
+91 22-1234-5678
+91 22-6677-8899
+91 33-2200-1144
+91 44-2500-9988
+91 80-2500-7766
+91 40-2300-1199
+91 79-2620-0114
+91 11-2611-1234
