+52 55 1234 5678
+52 55 2345 6789
+52 55 3456 7890
+52 55 4567 8901
+52 55 5678 9012
+52 55 6789 0123
+52 55 7890 1234
+52 55 8901 2345
+52 55 9012 3456
+52 33 1234 5678
+52 33 2345 6789
+52 33 3456 7890
+52 33 4567 8901
+52 33 5678 9012
+52 81 1234 5678
+52 81 2345 6789
+52 81 3456 7890
+52 81 4567 8901
+52 81 5678 9012
+52 222 123 4567
+52 222 234 5678
+52 442 123 4567
+52 999 123 4567
+52 999 234 5678
+52 998 123 4567
+52 998 234 5678
+52 55 1122 3344
+52 55 2233 4455
+52 33 3344 5566
+52 81 4455 6677
+52 55 5566 7788
+52 55 6677 8899
+52 55 7788 9900
+52 55 8899 0011
+52 55 9900 1122
+52 55 1010 2020
+52 55 3030 4040
+52 33 5050 6060
