75001
75002
75003
75004
75005
75006
75007
75008
75009
75010
75011
75012
75013
75014
75015
75016
75017
75018
75019
75020
13001
13002
13003
13004
13005
13006
13007
13008
13009
13010
13011
13012
13013
13014
13015
13016
69001
69002
69003
69004
69005
69006
69007
69008
69009
33000
33100
33200
33300
33400
33500
33700
33800
06000
06100
06200
06300
06400
06500
06600
06700
44000
44100
44200
44300
44400
44500
67000
67100
67200
67300
67400
67500
59000
59100
59200
59300
59400
59500
35000
35100
35200
21000
21100
31000
31100
31200
21300
31400
34000
34070
34080
34090
14000
51200
38000
51100
54000
57000
80000
