10115
10117
10119
10178
10179
10243
10245
10247
10249
10405
10435
10437
10551
10553
10559
10625
10707
10711
10719
10781
10785
10789
10825
10827
10829
12043
12047
12049
12053
12099
20095
20097
20099
20144
20146
20148
OK
20251
20253
20255
20354
20355
22085
22087
22149
22299
22305
22335
22339
22359
50667
50668
50670
50672
50674
50676
50677
50678
50679
50735
60308
60311
60313
60316
60318
60322
60325
60329
60486
60487
70173
70174
70176
70178
70180
70182
70184
70186
70188
70190
80331
80333
80335
80336
80337
80469
80538
80539
80796
80797
01067
01069
04103
04109
04157
04177
04275
04299
06108
