10001
10013
10128
11201
11375
20001
20009
20036
30303
30309
33101
33134
60601
60611
60654
75201
75204
77002
77019
85001
90001
90007
90013
90024
90048
90069
90210
72701
94102
94110
94114
94117
94133
94158
98101
98109
98112
98115
98119
98121
98122
98199
02108
02115
02116
02118
02134
02139
02141
02142
07030
07310
07601
08540
19103
19106
19130
19147
21202
21218
22202
27514
28202
29401
30326
31401
32801
34102
37203
38103
44113
46202
48104
48201
50309
53202
55401
55403
60625
63101
63110
65109
73102
80202
80206
80302
85016
85254
87501
89101
89109
89117
92101
92103
92130
94701
94704
95101
95113
95816
97201
97209
97214
97232
98001
