2000 NSW
2010
2011
2015
2016
2017
2018
2020
2021
2022
2023
2025
2026
2027
2028
2029
2030
2031
2034
2037
2038
2039
2040
2042
2044
2045
2046
2048
2049
2050
2060
2061
2062
2063
2064
2065
2066
2067
2068
2070
2071
2086
2088
2089
2090
2099
2100
2101
2102
2113
2116
2118
2120
2122
2126
2138
2147
2150
2153
2154
3000
3001
3002
3003
3004
3005
3006
3008
3050
3051
3052
3053
3054
3056
3057
3065
3066
3068
3070
3071
3078
3079
3081
3121
3122
3123
3124
3125
3141
3142
3143
3144
3145
3146
3161
3162
3163
3181
3182
3183
3184
3185
3186
3187
3188
3189
3191
3192
3193
3206
4000
4005
4006
4007
4010
4011
4012
4051
4064
4067
4101
4102
4103
4105
4170
4171
4178
4179
4218
5000
5006
5007
5008
5031
5032
5033
5034
5052
5061
5062
5063
5064
5066
5067
5068
5069
5070
5081
5082
6000
6005
6006
6008
6009
6010
6011
6014
6017
6018
6019
6020
6021
6023
6024
6051
6052
6053
6054
6055
6056
6057
6058
6059
6060
6061
6062
6063
6064
6065
6066
6067
6068
6069
