123456
000000
111111
222222
333333
444444
555555
666666
777777
888888
999999
102938
918273
564738
192837
473829
564839
102983
283746
394857
465829
738264
918374
564738
102937
564839
748392
019283
102937
918273
029384
564738
102937
019384
473829
019283
102937
374852
019283
564738
748390
019283
564738
019283
564739
748392
019283
102938
019283
564738
019283
1234
4321
0000
1111
2222
9999
1234
9876
4321
0000
8888
0001
0042
1337
2025
2026
12345
54321
1234567
7654321
12345678
87654321
000000
999999
404040
500500
500200
202020
303030
424242
777777
123-456
123 456
12-3456
1-23456
ABC-123
A1B2C3
X9Y8Z7
QWERTY
HELLO1
LOGIN1
VERIFY
ACCESS
SECURE
TOKEN1
GETIN1
PROOF1
CONFIRM
APPROVE
000-000
