+49 30 12345678
+49 30 88445566
+49 30 91234567
+49 40 12345678
+49 40 33445566
+49 40 88224466
+49 89 12345678
+49 89 55667788
+49 89 99887766
+49 69 12345678
+49 69 44556677
+49 211 1234567
+49 221 1234567
+49 221 55443322
+49 30 200110
+49 30 901720
+49 171 1234567
+49 172 2345678
+49 175 3456789
+49 176 9876543
+49 152 12345678
+49 157 87654321
+49 159 11223344
+49 1573 4567890
+49 30 5552233
+49 89 4476212
+49 40 76543210
+49 351 5556677
+49 711 8821990
+49 511 6677890
+49 421 4455667
+49 162 1112233
+49 174 9988776
+49 178 4567812
+49 30 7773322
+49 89 6655443
+49 30 24641555
+49 30 209-5050
+49 89 2102-1234
