+33 1 42 60 30 30
+33 1 44 55 66 77
+33 1 47 23 91 02
+33 1 53 67 88 99
+33 1 58 71 50 60
+33 4 78 92 33 44
+33 4 78 38 09 09
+33 4 91 33 22 11
+33 4 91 14 45 67
+33 5 56 79 80 81
+33 5 61 21 30 40
+33 2 40 47 36 25
+33 2 99 33 44 55
+33 2 23 67 89 01
+33 3 88 76 54 32
+33 3 28 30 40 50
+33 3 90 41 23 45
+33 6 12 34 56 78
+33 6 21 67 89 12
+33 6 33 44 55 66
+33 6 45 67 89 10
+33 6 51 23 45 67
+33 6 60 11 22 33
+33 6 73 44 55 66
+33 6 84 12 34 56
+33 7 56 78 90 12
+33 7 62 33 44 55
+33 7 81 23 45 67
+33 9 70 12 34 56
+33 9 73 45 67 89
+33 8 92 70 12 34
+33 1 40 26 41 00
+33 1 73 79 88 99
+33 4 72 41 90 90
+33 4 95 71 23 45
+33 6 99 88 77 66
+33 6 18 27 36 45
+33 6 27 18 09 00
