110001
110002
110003
110010
110011
110016
110017
110019
110020
110024
110034
110054
110060
110092
122001
122002
122009
122016
122017
201301
201304
201310
400001
400002
400005
400007
400008
400013
400018
400020
400021
400025
400026
400028
400050
400052
400053
400055
400056
400058
400064
400069
400072
400076
400078
400084
400089
411001
411004
411005
411006
411007
411008
411013
411014
411016
411017
411018
411021
411028
411037
411038
411041
500001
500003
500004
500017
500018
500032
500033
500034
500038
500050
500081
500082
500084
560001
560002
560003
560004
560005
560008
560009
560010
560011
560020
560025
560034
560038
560041
560066
560078
560100
600001
600002
600004
600005
600006
700001
700002
