021000021
021000089
021000128
021000238
021000322
021000528
021001088
021001486
021002053
021003086
021300420
021301115
021303618
021403673
021407912
021502011
021907038
022000020
022000046
022000868
022300173
022300299
022301707
022303330
022307713
022309804
022310234
022383335
024303860
026005092
026009593
026011432
026013356
026013673
028000024
028000121
041000124
041000153
041001039
041200555
041203824
041215032
042000314
042100175
043000096
043000122
043202392
044000037
044000804
053000219
053100300
053101121
053103115
053200019
053200983
053207766
054000030
054001204
055002707
056001561
061000052
061000104
061100606
061101375
063100277
063107513
064000017
064107246
064108288
065000090
065003581
067006432
071000013
071000288
071000301
071025661
072000326
072403473
074000010
074000078
075000019
081000032
081202759
082000549
082000556
083000056
084000026
084003197
091000019
091000022
091300010
091408501
091800629
092900383
102000076
102089716
113000023
113122655
121000248
121000358
121000497
121002042
121100782
121133416
122000247
122000496
122000661
