9400 1000 0000 0000 0000 00
9400 1000 0000 0000 0000 01
9400 1000 0000 0000 0000 02
9400 1000 0000 0000 0000 03
9400 1000 0000 0000 0000 04
9400 1000 0000 0000 0000 05
9405 5000 0000 0000 0000 00
9405 5000 0000 0000 0000 01
9405 5000 0000 0000 0000 02
9405 5000 0000 0000 0000 03
9405 5000 0000 0000 0000 04
9407 3000 0000 0000 0000 00
9407 3000 0000 0000 0000 01
9407 3000 0000 0000 0000 02
9410 8000 0000 0000 0000 00
9410 8000 0000 0000 0000 01
9410 8000 0000 0000 0000 02
9430 6000 0000 0000 0000 00
9430 6000 0000 0000 0000 01
9430 6000 0000 0000 0000 02
9202 0901 4011 0231 5408 80
9202 0901 4011 0231 5408 81
9202 0901 4011 0231 5408 82
9202 0901 4011 0231 5408 83
9202 0901 4011 0231 5408 84
EC123456789US
EC234567890US
EC345678901US
EC456789012US
EC567890123US
CP123456789US
CP234567890US
CP345678901US
CP456789012US
EA123456789US
EA234567890US
LC123456789US
LC234567890US
RA123456789US
RA234567890US
70 1234 5678 9012 3456
70 1234 5678 9012 3457
82 1234 5678 9012 3456
82 1234 5678 9012 3457
70 0000 0000 0000 0000
70 9999 9999 9999 9999
