123456789012
123456789013
123456789014
123456789015
123456789016
123456789017
123456789018
123456789019
123456789020
123456789021
612345678901
612345678902
612345678903
612345678904
612345678905
745678901234
745678901235
745678901236
745678901237
745678901238
9612803001234567890
9622803001234567890
9632803001234567890
9642803001234567890
9612803091234567890
9612803181234567890
9612803271234567890
9612803361234567890
9612803451234567890
9612803541234567890
9612803631234567890
4209910292612803001234567890
4209910292612803002345678901
4209910292612803003456789012
4209910292612803004567890123
4209910292612803005678901234
9874321098765432
9874321098765433
9874321098765434
1234567890123456
1234567890123457
1234567890123458
9612999912345678
9612999912345679
9612999912345680
9612999912345681
9612999912345682
9612999912345683
9612999912345684
9612999912345685
9612999912345686
